5 64
0.180622 0.006066 -0.021468 -0.013437 0.015371 
0.003683 0.008561 0.045263 0.004004 0.049437 
-0.163772 0.023012 0.008096 0.000595 -0.007511 
0.018726 0.024696 -0.012187 0.040880 -0.037520 
0.018287 0.048845 0.002788 0.008714 0.020441 
-0.041314 -0.023004 -0.012868 -0.006827 0.020867 
0.020537 0.025562 -0.025163 -0.005949 0.176464 
0.029031 0.023992 0.040001 -0.001579 -0.012196 
0.089764 0.051566 0.026604 -0.011248 0.027925 
-0.082012 -0.046648 0.055399 0.034046 0.005132 
0.113247 -0.023355 0.041174 0.036370 -0.046196 
0.051016 0.030063 -0.017635 -0.011313 -0.036656 
-0.062688 0.047435 -0.002149 0.001155 0.053891 
0.005997 0.009596 -0.018469 0.041943 0.044300 
-0.028231 0.016577 -0.007576 -0.043950 -0.016269 
0.035918 0.013668 -0.007319 -0.028917 0.040241 
-0.002860 -0.017397 0.055068 -0.003111 -0.018230 
-0.014853 -0.025694 0.024000 0.040516 0.023921 
-0.010584 0.018591 0.007213 0.008872 0.002639 
-0.039141 0.021724 -0.007418 0.056879 -0.025835 
-0.012914 -0.035655 0.025106 -0.033265 0.025828 
0.008212 -0.009233 0.008548 0.021100 -0.003220 
-0.033749 0.036061 0.057176 0.004730 0.007389 
-0.016066 -0.009876 0.169501 -0.019578 0.018563 
-0.005042 -0.017609 -0.003367 -0.033805 -0.034261 
0.021848 -0.037098 -0.016724 -0.013664 -0.022234 
-0.014318 -0.041632 -0.025771 0.009917 -0.004712 
0.016061 0.039283 -0.031636 -0.107720 -0.031214 
0.045005 0.009421 0.002766 0.047322 0.010610 
-0.000365 -0.012189 -0.027333 -0.005110 0.026984 
-0.095422 -0.058078 -0.061673 -0.024753 0.012418 
0.010534 0.026639 -0.026237 -0.024583 -0.006740 
-0.000214 0.009931 -0.045554 0.008574 -0.033281 
-0.005650 0.008215 0.012479 0.015845 -0.173872 
-0.007468 0.036860 -0.007603 -0.033418 0.049009 
0.027431 0.004773 -0.059174 0.012162 0.009249 
0.075983 -0.050330 -0.034798 -0.009475 0.015972 
-0.075828 0.017657 0.007893 -0.024710 -0.037156 
-0.003870 -0.019629 -0.034949 0.060981 -0.005291 
-0.027994 -0.051432 0.023954 -0.002302 -0.033216 
-0.004043 0.056778 0.030301 -0.020760 -0.037710 
-0.024427 0.031822 -0.063218 0.009871 0.021376 
-0.012111 -0.005709 0.024335 0.125538 0.082754 
0.008418 0.005587 0.021277 -0.044805 0.005042 
0.004683 0.017979 0.055288 0.058361 -0.009646 
0.002515 -0.021444 -0.158007 0.009838 0.033717 
-0.010086 -0.015696 0.009078 0.032922 -0.055059 
0.023172 -0.048288 0.032483 0.010087 0.027439 
-0.009869 -0.014953 -0.058391 -0.054933 0.000823 
-0.026950 -0.127542 -0.040479 -0.019142 0.027921 
0.052918 -0.003970 0.077123 -0.063210 -0.039627 
-0.016171 -0.027555 -0.007027 0.002134 0.084092 
-0.016824 -0.025088 -0.078462 -0.008012 -0.082548 
-0.018758 -0.028954 0.048720 -0.112156 -0.052909 
-0.007753 -0.123471 0.047735 0.054028 -0.003099 
0.083138 0.089523 -0.116610 0.021680 0.037196 
-0.006830 0.097009 -0.001860 0.029964 0.010137 
0.011289 0.007370 0.014781 -0.012922 -0.066981 
0.034641 -0.154921 0.011883 -0.009672 -0.021795 
-0.041500 0.136367 -0.041281 -0.032394 -0.024645 
0.010206 -0.008545 -0.042595 0.156139 -0.026349 
-0.002143 0.027830 0.067894 -0.098022 0.044893 
0.004982 -0.020281 -0.030082 -0.074794 0.052684 
0.015115 -0.056898 0.148751 0.028815 -0.062015 
