5 64
0.199356 -0.046114 -0.014628 0.019331 0.007094 
-0.223637 -0.027704 0.005744 -0.030910 -0.002358 
0.012583 0.025512 -0.018059 -0.159782 0.003840 
-0.132734 0.042020 0.037016 0.000379 -0.010638 
-0.006745 -0.011922 0.018691 -0.032089 -0.159781 
0.044397 0.027639 0.007529 -0.010559 0.005324 
0.094328 0.033697 -0.071778 0.025642 0.025931 
0.018792 0.016222 -0.154698 -0.017059 0.000699 
-0.067211 0.033705 0.025447 -0.026276 0.031514 
-0.104739 -0.017205 -0.052495 0.000481 0.008038 
0.068027 0.001855 -0.007310 0.028354 -0.048914 
0.028143 -0.006052 -0.006966 -0.015113 -0.041109 
-0.038585 -0.005834 -0.021703 -0.007152 0.014956 
0.114966 0.015750 0.039961 -0.032410 0.006278 
0.020340 -0.036924 0.033169 -0.047163 0.009171 
0.010720 -0.039946 -0.017723 -0.002642 -0.010278 
-0.079353 -0.060398 0.034670 -0.002409 -0.010720 
0.028527 0.006945 -0.045590 0.016821 -0.004159 
-0.018629 -0.033281 0.011648 0.033733 -0.036671 
-0.043644 0.012612 0.001700 -0.017529 -0.053521 
0.048372 -0.008161 -0.046648 -0.050377 0.005868 
-0.013208 -0.130732 0.048663 0.006746 -0.008581 
-0.012499 -0.023672 -0.013511 -0.055482 -0.020262 
-0.009173 -0.041402 0.015274 -0.007771 0.027925 
-0.002419 -0.011154 0.039476 -0.022125 -0.033716 
0.023169 -0.032382 0.029847 0.029624 -0.014876 
0.044864 -0.005728 0.066242 -0.031428 -0.037726 
-0.006296 -0.018223 -0.031106 0.026031 0.020168 
-0.002680 0.019292 -0.054964 -0.028514 0.003996 
0.014037 0.063021 -0.019018 0.019135 0.006253 
-0.030836 -0.013152 0.043025 -0.008038 0.001975 
0.013008 0.031322 -0.004349 -0.045247 -0.022323 
-0.001254 -0.003786 -0.039013 0.007816 -0.058864 
-0.029850 -0.007355 0.092691 -0.096908 0.012834 
-0.004289 -0.005152 0.056846 0.028014 0.009501 
0.011267 0.030816 0.028408 0.022022 -0.054663 
0.011944 0.012077 0.018871 0.002067 0.013561 
0.037847 -0.012540 -0.005700 0.026174 0.036866 
-0.011667 0.029533 -0.001613 0.002176 -0.019421 
-0.064045 0.009466 -0.014587 0.051633 -0.007692 
-0.000734 0.061783 0.053816 -0.019430 0.000760 
-0.027340 0.044591 0.019738 0.038465 0.009254 
0.077260 -0.065671 -0.002924 -0.002751 0.010811 
-0.059460 0.069552 -0.070568 -0.034797 0.011398 
-0.019409 0.022774 0.008093 -0.046885 0.024185 
0.045376 0.029876 0.052322 0.053145 0.010152 
0.004524 -0.017804 0.058043 0.019065 0.119071 
0.004986 0.000119 -0.004026 0.059938 0.000625 
0.010842 -0.011323 -0.025120 -0.031177 0.037555 
-0.054404 0.032783 0.102674 0.037726 -0.016502 
-0.024732 0.019641 -0.069165 0.035973 -0.007114 
0.022856 0.033603 -0.034710 0.107206 -0.046868 
-0.020350 -0.066156 -0.049100 -0.002560 -0.012345 
-0.036348 -0.047706 0.008369 0.048741 0.044398 
0.029796 -0.065326 -0.068475 0.070067 -0.004048 
0.063030 0.124997 -0.026117 -0.037609 -0.022144 
-0.011243 0.028624 -0.006808 0.008654 0.058514 
0.006905 -0.033728 0.163891 0.017925 -0.028119 
-0.038975 -0.058758 -0.036370 -0.069444 0.051810 
0.005915 -0.008354 -0.078672 0.025962 0.101040 
-0.032262 0.157582 -0.012208 -0.008087 -0.007190 
0.023464 0.035066 0.011241 -0.057235 0.056908 
-0.019183 -0.017633 0.014499 0.143127 -0.005776 
0.051205 -0.185582 -0.001777 0.018170 -0.008225 
