10 256
0.444006 0.663921 1.043517 1.286433 1.514680 1.774763 2.141215 2.349557 2.623896 2.744784 
0.202863 0.353657 0.518096 0.846833 1.067629 1.264342 1.581520 1.827218 2.632047 2.803895 
0.290751 0.402185 0.592311 1.021346 1.267470 1.405595 1.731229 1.881080 2.252468 2.597819 
0.058693 0.127197 0.591827 0.903718 1.271819 1.552586 1.865775 2.154356 2.502532 2.766426 
0.141414 0.217839 0.691099 1.014245 1.324570 1.581796 1.903913 2.174950 2.499670 2.735038 
0.266012 0.351982 0.597490 0.788421 0.965447 1.457715 1.754957 1.936402 2.275678 2.472840 
0.255438 0.421642 0.611897 0.895487 1.066592 1.446986 1.828292 2.055901 2.633289 2.790546 
0.191859 0.282633 0.402573 0.618878 1.372745 1.687246 1.863189 2.107720 2.315795 2.525844 
0.350040 0.503022 0.807819 1.044075 1.442925 1.635728 1.901146 2.153626 2.443386 2.622058 
0.244120 0.351288 0.532830 0.730925 0.884782 1.101129 1.659677 2.138527 2.462573 2.640767 
0.323982 0.526745 0.709872 0.887135 1.179405 1.317425 1.601332 2.069320 2.345578 2.515124 
0.224357 0.343903 0.528062 0.742489 1.312574 1.505725 1.719087 2.142744 2.375011 2.615532 
0.258602 0.315173 0.795481 1.382100 1.538939 1.714115 1.946925 2.126021 2.588246 2.715564 
0.169682 0.225162 0.378980 0.580365 0.921031 1.170491 1.772781 2.035832 2.284511 2.463871 
0.308846 0.374612 0.703487 1.162267 1.312267 1.497887 1.736697 1.890748 2.483090 2.662601 
0.256141 0.360128 0.570961 0.919508 1.432140 1.582424 1.826342 2.211282 2.436069 2.614104 
0.292760 0.526083 1.223303 1.443506 1.712618 1.899457 2.083276 2.259421 2.514819 2.673088 
0.314876 0.429968 0.626672 0.800656 0.930340 1.259981 1.756581 1.929216 2.401771 2.598113 
0.324881 0.459963 0.630198 0.910609 1.469576 1.691693 1.861990 2.084855 2.345839 2.479008 
0.167174 0.268959 0.408666 0.923086 1.172471 1.374813 1.765683 1.933947 2.614686 2.788288 
0.294112 0.353495 0.696198 1.250708 1.452127 1.584269 1.853881 1.993415 2.365848 2.626350 
0.160229 0.221080 0.392121 0.680713 1.075798 1.571951 1.836325 1.961303 2.178148 2.666178 
0.274660 0.347336 0.564336 0.730773 0.908738 1.664115 1.888845 2.116712 2.546955 2.669169 
0.157237 0.236767 0.338173 0.578501 1.579902 1.747237 1.992384 2.205416 2.536867 2.785298 
0.308259 0.492539 0.823677 1.072207 1.467257 1.712872 2.024571 2.282919 2.552843 2.740032 
0.246009 0.356412 0.537071 0.755742 0.881462 1.426144 1.891803 2.033206 2.487656 2.673928 
0.228981 0.374214 0.587873 0.757043 1.177540 1.344412 1.600571 2.144031 2.358145 2.634774 
0.155273 0.231854 0.376918 0.624432 1.186777 1.422218 1.734012 1.905982 2.564104 2.783872 
0.178048 0.274432 0.633315 1.029370 1.353378 1.719424 2.084521 2.358693 2.660456 2.805038 
0.215863 0.330407 0.526334 0.804778 1.073466 1.244115 1.600319 1.906924 2.162522 2.381613 
0.279339 0.402307 0.804567 1.051365 1.213764 1.386725 1.629045 2.011895 2.445019 2.630218 
0.179686 0.274561 0.413410 0.681085 1.349426 1.528716 1.795593 2.010354 2.279661 2.719523 
0.172127 0.324193 1.068894 1.398742 1.685840 1.942310 2.196724 2.376432 2.615870 2.759702 
0.163156 0.242172 0.440624 0.747123 0.969573 1.352739 1.747257 1.962151 2.432090 2.640670 
0.238370 0.316772 0.511654 0.989180 1.331450 1.489821 1.892489 2.112974 2.319195 2.510569 
0.198677 0.300536 0.458600 0.980041 1.256542 1.411467 1.965955 2.125348 2.564575 2.772833 
0.258912 0.533142 0.873031 1.088889 1.311679 1.548079 1.892041 2.184336 2.523931 2.745963 
0.194521 0.273036 0.459226 0.956941 1.202606 1.411966 1.751533 1.949081 2.172780 2.472739 
0.227160 0.432026 0.582654 0.856834 1.028620 1.233650 1.847503 1.992857 2.498515 2.735348 
0.172998 0.239154 0.414753 0.775156 1.218821 1.516542 2.107320 2.312443 2.604248 2.781711 
0.367599 0.532297 0.907868 1.200444 1.554197 1.724487 1.959865 2.155684 2.408196 2.581382 
0.213706 0.323833 0.451763 0.683525 0.847024 1.023254 1.836589 2.091523 2.327741 2.746656 
0.409473 0.572486 0.744804 0.929476 1.098112 1.264489 1.809251 2.111976 2.298775 2.515697 
0.219844 0.358005 0.500456 0.798651 1.262139 1.378705 1.718415 1.989444 2.230093 2.708628 
0.177314 0.249322 0.548358 1.219203 1.618776 1.841861 2.185949 2.388187 2.623279 2.758930 
0.190093 0.298399 0.488720 0.729652 1.042028 1.200445 1.692881 2.020112 2.277212 2.748126 
0.231037 0.329151 0.830931 1.101649 1.323282 1.594531 1.869032 2.079573 2.401206 2.610652 
0.228965 0.288025 0.472312 1.123468 1.639900 1.807257 2.027118 2.222917 2.471779 2.642813 
0.330429 0.662203 1.155377 1.450676 1.735459 2.016547 2.295193 2.460407 2.694192 2.809249 
0.307411 0.523130 0.771590 0.942193 1.126998 1.313784 1.760727 2.178797 2.486101 2.706460 
0.239171 0.327250 0.509444 0.876766 1.360141 1.507513 1.742863 2.019876 2.240788 2.403119 
0.155360 0.238064 0.628010 0.835956 1.182461 1.381618 1.675413 1.932676 2.491653 2.724706 
0.216742 0.284523 0.446650 1.242825 1.465485 1.607304 1.828568 2.013179 2.531729 2.693945 
0.167284 0.217762 0.381458 0.566737 1.009391 1.335555 1.572318 1.892384 2.301443 2.513372 
0.293728 0.405726 0.646951 0.855980 1.034065 1.469387 1.914359 2.098643 2.459853 2.625651 
0.224067 0.296066 0.467587 0.763685 1.355546 1.871838 2.116832 2.244280 2.494398 2.627771 
0.279457 0.509303 0.937602 1.210400 1.405482 1.666485 1.983796 2.252478 2.614465 2.787229 
0.313064 0.405260 0.587466 0.760087 0.874919 1.187016 1.949193 2.239772 2.444686 2.636398 
0.259358 0.469150 0.655986 0.857805 1.200142 1.339298 1.652733 1.982532 2.217731 2.673896 
0.158369 0.221229 0.374718 0.613461 1.164416 1.342261 1.762108 1.990766 2.358854 2.731158 
0.204307 0.278079 0.443141 0.966187 1.432196 1.612943 2.032464 2.215207 2.450967 2.631409 
0.202714 0.291047 0.451258 0.677979 1.084182 1.252548 1.638246 2.182108 2.435697 2.671338 
0.283411 0.400384 0.700546 0.997037 1.204040 1.431131 1.999580 2.224171 2.470946 2.658334 
0.224849 0.322164 0.452143 0.769074 1.539007 1.772142 1.923591 2.139147 2.340834 2.521873 
0.331040 0.501349 0.895909 1.186011 1.583298 1.805048 2.093690 2.296681 2.511648 2.673773 
0.205341 0.342548 0.515860 0.737304 0.888795 1.136409 1.762650 1.977787 2.594847 2.801589 
0.278449 0.342193 0.562437 1.101400 1.404563 1.535848 1.804639 1.958515 2.203449 2.570289 
0.108390 0.146459 0.333955 0.900761 1.280016 1.578524 1.888938 2.174958 2.532315 2.778295 
0.177382 0.280847 0.686625 1.071873 1.499695 1.676123 1.934553 2.207799 2.502314 2.714848 
0.207510 0.311685 0.474058 0.839137 1.044223 1.266176 1.836328 2.015117 2.267019 2.553477 
0.322073 0.393838 0.673357 0.830697 0.990850 1.561516 1.780162 1.958950 2.588705 2.689016 
0.207520 0.278497 0.449007 0.638986 1.005285 1.836921 2.056509 2.231488 2.479450 2.657900 
0.451817 0.687519 0.910350 1.064707 1.263839 1.509747 1.938235 2.183920 2.491257 2.671054 
0.197230 0.277997 0.428070 0.612194 0.805327 0.977093 1.592615 2.082608 2.355163 2.682511 
0.373174 0.505963 0.701627 0.958050 1.159333 1.320678 1.699544 1.877771 2.101586 2.474051 
0.184011 0.252944 0.445693 0.723325 1.233616 1.419671 1.699353 1.894982 2.367171 2.516922 
0.251359 0.306272 0.652428 1.313126 1.582013 1.717821 2.007624 2.171260 2.447590 2.651329 
0.176633 0.256092 0.401007 0.619441 0.840795 1.036605 1.595611 1.900119 2.189226 2.592257 
0.406629 0.480617 0.806260 1.144272 1.265412 1.559397 1.849193 2.018251 2.537492 2.690293 
0.272322 0.342653 0.502614 0.970118 1.515159 1.695564 1.870135 2.108926 2.304849 2.478032 
0.421892 0.646093 1.047002 1.317678 1.642120 1.829901 2.044395 2.222127 2.478455 2.632361 
0.270250 0.431768 0.608552 0.805170 0.998694 1.132209 1.727792 2.132920 2.325330 2.716146 
0.383155 0.573168 0.736677 0.966220 1.378829 1.517926 1.750589 2.036235 2.282597 2.441691 
0.187742 0.276023 0.424975 1.061690 1.367562 1.552787 1.841937 2.027817 2.476263 2.647948 
0.275494 0.346341 0.636204 1.188368 1.347280 1.580418 1.870908 2.033400 2.570002 2.711879 
0.160222 0.224763 0.415902 0.757729 1.108378 1.575703 1.856887 2.022643 2.422340 2.681180 
0.293173 0.372388 0.584855 0.743569 0.917475 1.522697 2.097034 2.244385 2.564107 2.700464 
0.204818 0.295161 0.441987 0.680218 1.411309 1.715704 1.899547 2.207486 2.450764 2.643565 
0.268073 0.332678 0.634962 1.110880 1.689332 1.917899 2.071438 2.248748 2.476441 2.604308 
0.144717 0.191592 0.341100 0.527969 0.833642 1.337204 1.727113 1.999597 2.433651 2.727683 
0.240097 0.380006 0.623533 0.828942 1.137885 1.321987 1.538449 1.958046 2.425392 2.590453 
0.226095 0.325837 0.551424 0.727486 1.248133 1.623890 1.831972 2.074067 2.591299 2.752449 
0.185185 0.241767 0.396158 0.963534 1.663594 1.778717 2.092783 2.315288 2.579123 2.751526 
0.186809 0.255288 0.438930 0.738678 0.999260 1.365373 1.742566 1.921082 2.110933 2.301003 
0.484383 0.668173 0.822633 1.033554 1.276983 1.398442 1.800021 2.092370 2.300934 2.481548 
0.226037 0.320683 0.449427 0.894989 1.433144 1.572887 1.811829 2.027544 2.247291 2.621902 
0.309178 0.551187 0.984557 1.257810 1.482252 1.811980 2.183147 2.465076 2.719524 2.836126 
0.171127 0.266577 0.617310 0.830900 1.057546 1.305792 1.791662 2.111268 2.461573 2.695501 
0.268814 0.353762 0.726139 0.947742 1.163235 1.580272 1.844729 2.049724 2.361439 2.548195 
0.193743 0.274208 0.423613 0.692666 1.310966 1.468902 1.965623 2.213508 2.434028 2.662030 
0.293370 0.361283 0.724275 1.038744 1.175620 1.643611 1.895472 2.077200 2.575383 2.693989 
0.219346 0.291413 0.617484 0.838156 1.193888 1.605425 1.820202 1.960450 2.176590 2.558139 
0.382878 0.507446 0.711513 0.938945 1.074295 1.349410 1.778160 1.916245 2.401177 2.647392 
0.201842 0.261408 0.431515 0.631579 1.289205 1.820416 2.079137 2.234392 2.638724 2.793084 
0.432562 0.661120 0.988376 1.223753 1.482236 1.697379 2.036828 2.255417 2.544226 2.691604 
0.229571 0.332541 0.459885 0.656519 0.822344 0.979009 1.758291 2.317746 2.522871 2.752673 
0.314962 0.412424 0.633483 1.022607 1.259076 1.383384 1.827425 2.097972 2.285639 2.499450 
0.167857 0.235021 0.393370 0.645760 1.200300 1.376984 1.720170 1.947772 2.159898 2.630115 
0.194911 0.252209 0.405926 1.380229 1.566591 1.742247 2.041490 2.318425 2.590986 2.750057 
0.157912 0.223957 0.380186 0.691714 0.964009 1.387355 1.707013 1.853041 2.054115 2.622530 
0.289547 0.484925 0.836898 1.043053 1.302082 1.496856 1.813215 2.086825 2.383140 2.583390 
0.229000 0.285993 0.637895 0.884564 1.566435 1.825841 2.015954 2.215223 2.454511 2.611474 
0.561221 0.974815 1.327380 1.498536 1.797843 1.971954 2.200089 2.361515 2.566436 2.674949 
0.233078 0.334719 0.485204 0.911847 1.213251 1.400289 1.625665 2.308507 2.582594 2.752787 
0.292390 0.469592 0.665363 0.873253 1.302289 1.474670 1.717119 2.003341 2.419710 2.606963 
0.177019 0.250095 0.440412 1.027722 1.265293 1.472070 1.704453 1.951264 2.403045 2.608729 
0.250508 0.306199 0.518087 1.183097 1.547573 1.658179 1.917662 2.075882 2.336299 2.624550 
0.180689 0.243525 0.408193 0.650005 1.142399 1.398650 1.886892 2.070198 2.263892 2.441344 
0.336731 0.408806 0.723579 0.845498 1.073163 1.642888 1.809946 2.158126 2.555034 2.652938 
0.182913 0.264452 0.377350 0.561242 1.462119 1.841569 2.007228 2.195117 2.397059 2.610795 
0.234511 0.416733 0.806229 1.134950 1.517061 1.854557 2.185306 2.429433 2.684622 2.812337 
0.221303 0.355005 0.503565 0.788216 0.978417 1.145162 1.902693 2.112219 2.387095 2.761467 
0.191689 0.306774 0.493852 0.802196 1.096702 1.276458 1.619502 1.872675 2.112249 2.643985 
0.137074 0.174429 0.311248 0.498628 1.087331 1.479375 1.805380 2.076181 2.436815 2.744047 
0.177451 0.259976 0.388007 0.958233 1.528291 1.640265 1.910720 2.064388 2.589628 2.768742 
0.242049 0.420312 0.630685 0.780956 1.085706 1.255754 1.476700 2.018357 2.253881 2.534978 
0.345213 0.456060 0.689243 1.060945 1.225158 1.442790 1.893098 2.030969 2.456431 2.686579 
0.261786 0.389592 0.565693 0.772947 1.339907 1.650735 1.828287 2.063783 2.405461 2.563907 
0.479021 0.738518 1.115068 1.330611 1.625788 1.915598 2.233403 2.422517 2.647439 2.750805 
0.235785 0.356295 0.521197 0.823497 1.039034 1.208639 1.463269 1.638177 2.432537 2.719976 
0.392014 0.484761 0.747411 1.074801 1.227884 1.423077 1.805229 1.941149 2.274005 2.591269 
0.134963 0.206067 0.598456 0.899519 1.198410 1.481115 1.813348 2.096788 2.463502 2.718010 
0.211185 0.364797 0.724757 0.984381 1.263395 1.487429 1.788920 2.160420 2.505545 2.716382 
0.216708 0.300500 0.671956 0.862426 1.093183 1.337184 1.676934 1.945499 2.297480 2.492427 
0.319330 0.474389 0.693406 0.862631 0.999987 1.271214 1.723328 1.984294 2.563096 2.728395 
0.170279 0.233289 0.373480 0.522986 1.170059 1.690942 1.947953 2.143178 2.362909 2.590438 
0.389911 0.585334 0.917755 1.143479 1.423512 1.643718 1.957937 2.181091 2.495637 2.669225 
0.258331 0.386778 0.581091 0.777195 0.979141 1.139085 1.647296 2.294892 2.549526 2.730632 
0.306202 0.491332 0.701865 0.865744 1.140911 1.295494 1.508529 1.926946 2.217932 2.404694 
0.183151 0.261291 0.404409 0.602560 1.282401 1.475569 1.689841 2.143598 2.371583 2.596834 
0.214795 0.333642 0.985949 1.346001 1.554296 1.794626 2.010093 2.235913 2.524664 2.685638 
0.203837 0.291340 0.479778 0.731837 0.905538 1.233035 1.710534 1.950385 2.272003 2.463907 
0.247518 0.323005 0.697618 0.997179 1.211087 1.556680 1.771900 1.921487 2.532771 2.684287 
0.219585 0.301175 0.690547 0.932217 1.419450 1.643477 1.861830 2.039874 2.430607 2.639260 
0.317628 0.533775 1.067023 1.380795 1.568090 1.832701 2.073727 2.281102 2.611151 2.757542 
0.212696 0.343065 0.517379 0.754632 0.913300 1.150564 1.657695 1.869722 2.448163 2.646953 
0.313797 0.462711 0.635127 0.916973 1.409096 1.558325 1.793999 2.092287 2.325180 2.484221 
0.261526 0.396384 0.545407 1.008636 1.217070 1.398755 1.746395 1.906515 2.543925 2.745435 
0.292892 0.341980 0.802965 1.270103 1.400641 1.596769 1.797518 1.994997 2.571862 2.707129 
0.179502 0.260809 0.446411 0.671166 0.855064 1.542928 1.882321 2.054020 2.282601 2.585810 
0.223431 0.330004 0.524624 0.736704 1.043483 1.653042 1.869459 2.315096 2.655138 2.786227 
0.164127 0.235599 0.365357 0.748237 1.508704 1.667835 2.021350 2.259231 2.551547 2.765292 
0.241503 0.341405 0.678065 1.099439 1.446986 1.674476 2.094430 2.274811 2.512762 2.682374 
0.220115 0.320172 0.468401 0.678288 0.805037 1.294741 1.918255 2.098124 2.417962 2.579570 
0.239465 0.387973 0.563794 0.749465 1.223251 1.405308 1.603795 2.019422 2.261481 2.482788 
0.173788 0.283615 0.406268 0.824985 1.351895 1.486693 1.773986 1.916144 2.544504 2.756263 
0.177463 0.261381 0.471872 1.037367 1.274925 1.615908 1.896088 2.275567 2.640829 2.799562 
0.231453 0.342699 0.524956 0.813595 0.994181 1.204230 1.461354 1.713319 2.132642 2.368830 
0.344121 0.465968 0.707598 0.985590 1.174682 1.362527 1.581253 1.796528 2.417289 2.591542 
0.205233 0.295361 0.443613 0.770664 1.453936 1.644855 1.876317 2.123003 2.341865 2.730470 
0.203440 0.350711 0.860563 1.279974 1.660665 1.917009 2.182379 2.354930 2.584981 2.736619 
0.163764 0.248462 0.417790 0.786784 1.095893 1.302810 1.632717 1.808749 2.400444 2.662919 
0.257979 0.352682 0.550782 1.041638 1.248068 1.428256 1.898469 2.043576 2.385303 2.661716 
0.237850 0.335708 0.519519 0.950892 1.107601 1.548006 1.931053 2.113042 2.545192 2.708723 
0.275724 0.447788 0.736236 1.014079 1.335183 1.609653 1.919262 2.209480 2.580364 2.785604 
0.208554 0.288270 0.512666 0.858156 1.186222 1.409483 1.743868 1.916878 2.092179 2.254980 
0.225840 0.415380 0.557180 0.853852 1.106890 1.250425 1.699649 1.859771 2.395774 2.754694 
0.179720 0.227226 0.379701 0.524835 1.114303 1.684442 2.125470 2.248279 2.590635 2.782907 
0.347731 0.534312 1.094068 1.319392 1.497286 1.683766 1.937811 2.152828 2.498888 2.673852 
0.163297 0.250799 0.370845 0.605917 0.780304 1.043330 1.793203 1.986306 2.486360 2.731709 
0.323218 0.464636 0.646625 0.861922 1.046781 1.195891 1.705545 2.034666 2.222008 2.424387 
0.233090 0.391593 0.548633 0.871234 1.175741 1.296126 1.843583 2.070896 2.328085 2.756332 
0.226719 0.278036 0.694846 1.392043 1.612629 1.757124 2.124303 2.285402 2.582578 2.727062 
0.235868 0.422225 0.568072 0.769964 0.968350 1.112743 1.681405 1.879410 2.175887 2.710303 
0.234784 0.341791 0.891242 1.222923 1.424995 1.666551 1.901618 2.167827 2.475677 2.637739 
0.250078 0.322950 0.454487 0.964023 1.605898 1.869510 2.016040 2.187132 2.390460 2.526987 
0.381649 0.608688 1.074733 1.430776 1.724197 1.939878 2.194771 2.353463 2.599158 2.739318 
0.282530 0.419950 0.635305 0.872590 1.100023 1.260592 1.696933 2.182636 2.413397 2.571182 
0.291878 0.453647 0.610854 0.830956 1.335301 1.491930 1.741415 2.017658 2.228373 2.453124 
0.173020 0.246458 0.664000 0.910766 1.180193 1.418646 1.742241 1.954692 2.287038 2.650083 
0.213571 0.298418 0.490086 1.275184 1.397526 1.641497 1.821517 2.300756 2.590374 2.763433 
0.175500 0.232099 0.391873 0.598956 1.179544 1.367335 1.649589 1.942946 2.190850 2.340126 
0.336913 0.414057 0.664999 0.815826 0.999354 1.609882 1.856906 2.011737 2.398964 2.523982 
0.222048 0.293303 0.563475 0.849879 1.301620 1.767982 1.986776 2.196485 2.505092 2.668064 
0.308713 0.528802 0.863486 1.189500 1.456978 1.722589 2.086467 2.327831 2.676409 2.828762 
0.309169 0.425136 0.627956 0.870633 1.029834 1.247141 1.915182 2.172560 2.366570 2.570322 
0.284190 0.466165 0.629035 0.859846 1.068666 1.224370 1.727456 1.945482 2.202555 2.614776 
0.163141 0.229808 0.369530 0.591712 1.029276 1.235577 1.886731 2.122523 2.442672 2.739324 
0.153720 0.217846 0.417210 1.001612 1.450926 1.677563 2.077071 2.296525 2.637218 2.809109 
0.189613 0.277123 0.453605 0.658135 1.120973 1.299267 1.538919 2.067437 2.301059 2.567852 
0.332842 0.480820 0.683333 0.885426 1.026057 1.365780 1.994542 2.192667 2.536361 2.728194 
0.250897 0.335203 0.522537 0.812418 1.380842 1.783065 1.969090 2.138072 2.362087 2.506712 
0.386928 0.599274 0.962864 1.221899 1.663584 1.886897 2.176761 2.360343 2.565193 2.697506 
0.164258 0.276286 0.442233 0.667067 0.863232 1.222699 1.562471 1.773100 2.613751 2.823480 
0.252896 0.319277 0.741034 1.126530 1.322224 1.575087 1.831676 1.992021 2.212703 2.493790 
0.129395 0.183165 0.369469 0.805070 1.142176 1.468081 1.824255 2.121909 2.511680 2.757659 
0.120898 0.263707 0.805673 1.108748 1.370159 1.617656 1.956834 2.230273 2.599347 2.802584 
0.201557 0.280661 0.512143 0.809437 1.165675 1.349765 1.769057 2.083897 2.300439 2.480471 
0.258090 0.354436 0.605847 0.834631 1.018442 1.462972 1.731461 1.923329 2.463865 2.628027 
0.214253 0.299636 0.483674 0.690867 1.199443 1.724921 1.943121 2.158688 2.425233 2.613597 
0.408295 0.590393 0.961707 1.177846 1.389611 1.558184 1.818959 2.051409 2.394598 2.590017 
0.231628 0.332457 0.498613 0.664534 0.856836 0.973976 1.414965 2.192593 2.478018 2.689077 
0.280045 0.353699 0.677761 1.011825 1.186595 1.433942 1.714457 1.903797 2.119927 2.344499 
0.190606 0.261774 0.430921 0.652413 1.309355 1.519139 1.753924 2.007566 2.272589 2.418412 
0.253476 0.307645 0.629525 1.311766 1.515663 1.668438 1.915380 2.070661 2.566594 2.712997 
0.158342 0.229827 0.393273 0.627673 0.879051 1.142502 1.611502 1.836829 2.370990 2.727930 
0.398653 0.484163 0.759758 0.999790 1.120354 1.508814 1.771593 1.935012 2.548829 2.687686 
0.301067 0.372320 0.643743 1.111441 1.564977 1.714555 1.904809 2.141623 2.329746 2.502625 
0.426630 0.771668 1.247073 1.432427 1.640779 1.813090 2.037585 2.247903 2.545127 2.694641 
0.281253 0.383223 0.554873 0.766104 0.897526 1.101873 1.771803 2.114452 2.325735 2.519623 
0.365386 0.568881 0.740961 0.932002 1.255558 1.384675 1.688566 1.995031 2.217263 2.407667 
0.226724 0.323656 0.473603 1.112988 1.339711 1.509969 1.850254 2.004541 2.611151 2.790292 
0.327749 0.405292 0.740356 1.232969 1.385082 1.608564 1.986130 2.132821 2.536359 2.706976 
0.216279 0.306099 0.521025 0.678469 1.070860 1.559023 1.759651 2.105296 2.381877 2.583023 
0.207282 0.284811 0.436850 0.624627 0.796857 1.556811 1.970260 2.163083 2.563894 2.724755 
0.170955 0.252585 0.364623 0.553325 1.448490 1.659757 1.893560 2.128383 2.357096 2.742743 
0.240614 0.336239 0.792595 1.093871 1.582869 1.806742 2.019645 2.215151 2.466434 2.630409 
0.184152 0.272630 0.454853 0.683131 0.843646 1.453510 1.749228 2.037829 2.608726 2.776580 
0.274888 0.437755 0.673651 0.832722 1.030987 1.192379 1.499094 2.091165 2.448616 2.643807 
0.158756 0.250619 0.363061 0.690691 1.449150 1.601621 1.855088 2.011862 2.544309 2.756899 
0.233298 0.293366 0.481016 0.853065 1.586514 1.934521 2.130568 2.295756 2.558322 2.685144 
0.162678 0.218578 0.356930 0.551448 0.905511 1.185141 1.601519 1.851654 2.117482 2.273896 
0.413518 0.601263 0.850891 1.020655 1.231055 1.398597 1.721441 2.043385 2.415898 2.598628 
0.206759 0.318389 0.456773 0.924999 1.378624 1.491383 1.869248 2.033079 2.373456 2.765893 
0.276543 0.556716 0.939531 1.319758 1.661803 1.935053 2.242341 2.436525 2.699509 2.834648 
0.166363 0.286077 0.429610 0.805017 1.082480 1.262681 1.887255 2.061542 2.552131 2.779387 
0.184798 0.257855 0.708397 0.893842 1.282397 1.446370 1.766039 2.100029 2.370008 2.564619 
0.183231 0.288657 0.451692 0.771618 1.236068 1.373457 1.869521 2.089103 2.401543 2.691596 
0.298816 0.369542 0.829931 1.074380 1.247655 1.747814 1.957331 2.205247 2.544420 2.653488 
0.211040 0.282017 0.522226 0.776940 1.075920 1.596165 1.865855 2.006997 2.175053 2.395537 
0.314688 0.437080 0.642025 0.965556 1.125358 1.333259 1.866524 2.010495 2.331291 2.620679 
0.183598 0.246981 0.376549 0.548713 1.419029 1.904913 2.084239 2.261237 2.547694 2.708014 
0.519054 0.743791 1.011263 1.229557 1.464795 1.660660 1.946867 2.156413 2.454786 2.620552 
0.217448 0.320028 0.435627 0.623507 0.761637 1.076820 2.008316 2.205058 2.560326 2.800976 
0.295822 0.461337 0.640353 0.856643 1.229534 1.366627 1.826210 2.109388 2.301790 2.509451 
0.146450 0.208738 0.408790 0.856811 1.131371 1.444037 1.788654 1.948296 2.268885 2.719070 
0.198805 0.262021 0.438575 1.214274 1.521601 1.664030 1.990988 2.152516 2.577539 2.743526 
0.150215 0.200178 0.342929 0.535637 0.987179 1.266365 1.737838 1.956524 2.195765 2.723465 
0.359606 0.471082 0.699657 1.119580 1.381021 1.508120 1.861003 2.120770 2.365069 2.566448 
0.300605 0.393573 0.569342 0.926649 1.528650 1.811593 1.971539 2.159606 2.430302 2.552937 
0.452315 0.749139 1.266805 1.499432 1.776357 1.993033 2.215974 2.378501 2.614109 2.732213 
0.240194 0.365714 0.619909 0.771863 1.167835 1.388472 1.620056 2.133271 2.582576 2.727495 
0.286057 0.443913 0.609916 0.854279 1.305935 1.437201 1.674764 2.137900 2.377645 2.539610 
0.196764 0.313916 0.469271 0.921515 1.168756 1.360603 1.780730 1.940475 2.418544 2.588454 
0.269624 0.353707 0.592990 1.130126 1.381479 1.544105 1.952391 2.115301 2.426768 2.659683 
0.172158 0.215290 0.383990 0.539123 0.977437 1.474029 1.757769 2.001924 2.294298 2.473138 
0.327180 0.399773 0.714499 0.861399 1.054293 1.747604 2.027978 2.206141 2.569769 2.672144 
0.209446 0.291320 0.415002 0.750296 1.578663 1.868076 2.024153 2.220154 2.454555 2.617462 
0.128682 0.265539 0.822250 1.194984 1.450793 1.746222 2.089565 2.361562 2.673132 2.818969 
0.220674 0.341244 0.500467 0.782433 0.933033 1.201647 1.997613 2.205283 2.576194 2.780905 
0.252799 0.394807 0.549805 0.861654 1.195481 1.311627 1.541058 1.689357 2.138969 2.661683 
0.138500 0.187769 0.318423 0.588423 1.242927 1.512026 1.890553 2.158517 2.547644 2.792691 
0.190844 0.261674 0.394321 0.930393 1.580162 1.717498 1.929445 2.119560 2.389715 2.705649 
0.233726 0.355346 0.537925 0.740228 0.957950 1.093596 1.517800 2.019084 2.263135 2.571295 
0.427268 0.528019 0.795750 0.992404 1.124186 1.558514 1.926960 2.082662 2.523972 2.666722 
0.233766 0.339958 0.483599 0.784487 1.416317 1.608200 1.793507 2.108387 2.315437 2.489568 
