 6 64
 6.40185185e+02 8.93138889e+02 1.39385185e+03 1.49406481e+03 1.65625926e+03 1.70082407e+03
 5.58515625e+02 7.16906250e+02 1.05735938e+03 1.18262500e+03 1.50379688e+03 1.61003125e+03
 6.15108108e+02 7.69621622e+02 1.12016216e+03 1.22283784e+03 1.36645946e+03 1.46505405e+03
 6.63458333e+02 7.36833333e+02 9.64763889e+02 1.04354167e+03 1.62316667e+03 1.68129167e+03
 4.87957447e+02 5.77723404e+02 1.01742553e+03 1.17704255e+03 1.55209574e+03 1.61569149e+03
 5.36098765e+02 7.33407407e+02 1.29228395e+03 1.40608642e+03 1.57770370e+03 1.63749383e+03
 4.73014706e+02 5.42558824e+02 8.77397059e+02 1.28582353e+03 1.59104412e+03 1.64744118e+03
 5.25342857e+02 6.52014286e+02 1.20682857e+03 1.49395714e+03 1.64797143e+03 1.69830000e+03
 5.10886792e+02 5.72867925e+02 9.45226415e+02 1.44567925e+03 1.67816981e+03 1.70552830e+03
 5.34914530e+02 7.21264957e+02 1.27592308e+03 1.41576068e+03 1.64850427e+03 1.69573504e+03
 8.65189189e+02 1.04700000e+03 1.26713514e+03 1.38932432e+03 1.64656757e+03 1.69697297e+03
 6.08033113e+02 8.69887417e+02 1.30094702e+03 1.43286755e+03 1.63974172e+03 1.68941060e+03
 5.54971831e+02 6.49352113e+02 8.66845070e+02 9.79873239e+02 1.64530986e+03 1.69539437e+03
 6.96079208e+02 8.13970297e+02 1.10248515e+03 1.21979208e+03 1.53648515e+03 1.62194059e+03
 5.53878788e+02 6.91096970e+02 1.20083636e+03 1.33933939e+03 1.62908485e+03 1.68349697e+03
 7.78561224e+02 9.97775510e+02 1.25863265e+03 1.39033673e+03 1.60198980e+03 1.65785714e+03
 7.13107143e+02 7.78892857e+02 9.92875000e+02 1.05194643e+03 1.49744643e+03 1.65066071e+03
 4.90269663e+02 5.98179775e+02 1.11602247e+03 1.24413483e+03 1.62225843e+03 1.67221348e+03
 4.48555556e+02 5.12085470e+02 1.27170085e+03 1.44817949e+03 1.57936752e+03 1.64247863e+03
 4.65687500e+02 5.35312500e+02 1.09918750e+03 1.53579167e+03 1.68429167e+03 1.71089583e+03
 8.12222222e+02 1.08753333e+03 1.47044444e+03 1.55973333e+03 1.69217778e+03 1.72637778e+03
 4.28173913e+02 4.89426087e+02 1.16033043e+03 1.40930435e+03 1.59750435e+03 1.65129565e+03
 7.12810000e+02 9.57560000e+02 1.43302000e+03 1.51637000e+03 1.67539000e+03 1.71006000e+03
 7.17255474e+02 9.34072993e+02 1.30520438e+03 1.43671533e+03 1.64720438e+03 1.69308759e+03
 4.92887640e+02 5.80393258e+02 1.33951685e+03 1.46106742e+03 1.59200000e+03 1.65341573e+03
 5.50467290e+02 6.75887850e+02 9.90887850e+02 1.17743925e+03 1.61563551e+03 1.65800000e+03
 7.14528302e+02 8.01792453e+02 1.07294340e+03 1.14607547e+03 1.63705660e+03 1.70658491e+03
 5.13819149e+02 5.90989362e+02 7.98691489e+02 8.95755319e+02 1.55775532e+03 1.62456383e+03
 4.36653333e+02 5.18413333e+02 1.28198667e+03 1.54708000e+03 1.68512000e+03 1.71776000e+03
 6.81854167e+02 7.58354167e+02 1.04664583e+03 1.12091667e+03 1.41225000e+03 1.60341667e+03
 8.73961538e+02 1.11849038e+03 1.37660577e+03 1.46506731e+03 1.66537500e+03 1.70718269e+03
 5.53528736e+02 6.34091954e+02 1.14477011e+03 1.28480460e+03 1.54287356e+03 1.62063218e+03
 4.48532258e+02 5.19096774e+02 1.05457258e+03 1.31966129e+03 1.59125806e+03 1.64984677e+03
 7.42266667e+02 8.85293333e+02 1.15282667e+03 1.31850667e+03 1.56936000e+03 1.63145333e+03
 5.29029851e+02 6.54522388e+02 1.35576119e+03 1.51174627e+03 1.66238806e+03 1.70640299e+03
 4.63793651e+02 5.97769841e+02 1.17604762e+03 1.36613492e+03 1.62936508e+03 1.67800794e+03
 6.26936170e+02 7.06659574e+02 1.05804255e+03 1.32361702e+03 1.47327660e+03 1.59968085e+03
 4.77322222e+02 6.15500000e+02 1.48888889e+03 1.55050000e+03 1.68310000e+03 1.71234444e+03
 5.47441558e+02 8.15441558e+02 1.31337662e+03 1.48696104e+03 1.67197403e+03 1.71740260e+03
 6.10670968e+02 8.19954839e+02 1.21910968e+03 1.36365806e+03 1.59205161e+03 1.65430968e+03
 5.47413793e+02 7.46540230e+02 1.43842529e+03 1.51772414e+03 1.65964368e+03 1.69557471e+03
 6.04822917e+02 8.21145833e+02 1.13793750e+03 1.35829167e+03 1.59893750e+03 1.65563542e+03
 5.25934783e+02 6.16739130e+02 1.06013043e+03 1.42732609e+03 1.59334783e+03 1.65747826e+03
 6.22500000e+02 7.62142857e+02 1.31865306e+03 1.41095918e+03 1.61812245e+03 1.68006122e+03
 4.36916667e+02 5.16583333e+02 1.39028571e+03 1.47585714e+03 1.59471429e+03 1.63373810e+03
 7.92486726e+02 1.03123894e+03 1.36261947e+03 1.47268142e+03 1.64925664e+03 1.69735398e+03
 4.57706897e+02 5.26206897e+02 8.65965517e+02 1.12046552e+03 1.56482759e+03 1.62527586e+03
 5.26390000e+02 6.24210000e+02 1.26965000e+03 1.37423000e+03 1.55807000e+03 1.62096000e+03
 4.83768421e+02 5.73505263e+02 1.44066316e+03 1.51243158e+03 1.62236842e+03 1.67130526e+03
 9.53060606e+02 1.19403030e+03 1.41666667e+03 1.51581818e+03 1.67881818e+03 1.71821212e+03
 4.99947368e+02 6.27357895e+02 1.29993684e+03 1.39423158e+03 1.64316842e+03 1.68532632e+03
 6.48722892e+02 8.38180723e+02 1.22550000e+03 1.38344578e+03 1.63746386e+03 1.69167470e+03
 6.72588235e+02 1.02260294e+03 1.34620588e+03 1.44375000e+03 1.65114706e+03 1.69542647e+03
 5.81833333e+02 6.74944444e+02 9.55166667e+02 1.02050000e+03 1.37050000e+03 1.50311111e+03
 5.36142857e+02 6.52530612e+02 1.24383673e+03 1.31526531e+03 1.42510204e+03 1.50573469e+03
 5.60558376e+02 7.86649746e+02 1.22465990e+03 1.37398477e+03 1.63005584e+03 1.68268020e+03
 5.91925926e+02 7.83722222e+02 9.82000000e+02 1.14081481e+03 1.58161111e+03 1.62527778e+03
 5.48536585e+02 6.44524390e+02 9.40451220e+02 1.04874390e+03 1.55789024e+03 1.60947561e+03
 5.16915789e+02 7.23252632e+02 1.13595263e+03 1.30918947e+03 1.60008421e+03 1.66947895e+03
 4.26521127e+02 5.06077465e+02 1.45773239e+03 1.53502113e+03 1.64134507e+03 1.67845070e+03
 6.45189189e+02 7.76594595e+02 1.02078378e+03 1.24006757e+03 1.59700000e+03 1.64870270e+03
 6.37105263e+02 9.41473684e+02 1.24221053e+03 1.37248684e+03 1.64669737e+03 1.69480263e+03
 6.91228261e+02 7.88141304e+02 1.20211957e+03 1.29489130e+03 1.62696739e+03 1.68177174e+03
 6.99080460e+02 8.86655172e+02 1.30089655e+03 1.39927586e+03 1.57994253e+03 1.64679310e+03
