 6 64
 -9.63558134e+00 2.75500520e+01 1.54445352e+01 -4.34872231e+00 -1.85869537e+00 1.27053793e+00
 -1.55342902e+01 2.30514670e+01 -1.54436233e+01 -2.01886592e+00 -6.19433520e+00 -1.35084579e+01
 8.38867370e+00 -1.60997829e+00 -3.23903372e+01 1.01764745e+01 1.94669519e+00 1.22453903e+01
 -3.06305579e+00 -9.55983454e+00 1.43669912e+01 -1.87158872e+00 1.96192339e+01 -3.78366429e+00
 -1.84949911e+01 -1.33811009e+01 -2.38928068e+01 -2.03745297e+01 -6.87856219e+00 -1.74886898e+01
 1.54924765e+01 1.47070114e+01 -6.97854547e-02 1.57541015e+01 1.26051117e+01 -3.19767598e+00
 9.60466380e+00 -4.56494120e+00 1.01616352e+01 1.55593699e+01 6.89224494e+00 -3.15602059e+01
 -1.15624623e+01 -2.30872118e+01 3.49162756e+01 1.23051800e+01 7.67426494e+00 -1.26297575e+00
 2.54859847e+00 -3.90250852e+00 -1.91132460e+01 7.61309526e+00 -3.10016268e+01 1.24758542e+01
 2.74156140e+00 1.24123828e+01 -3.95057506e+01 -3.25024460e-01 -2.29186113e+01 -2.85606286e+01
 6.30148114e+00 1.54401829e+01 -2.62839880e+00 -2.01603121e+01 5.22906241e+00 -1.23450527e+01
 -6.91861647e+00 1.66334555e+01 -1.65064009e+00 2.99602193e+00 -2.39479486e+01 -1.43946621e+00
 -1.43906662e+01 -3.14169988e+01 1.01112600e+01 1.70013058e+00 -2.15732981e+01 4.73599588e+00
 -1.67171131e+00 6.22750796e+00 -1.37186892e+01 2.10936412e+01 -9.69243460e+00 -1.05755505e+01
 2.15265759e+00 2.12197974e+01 -1.30171434e+01 -1.43134936e+00 1.88830899e+01 1.06664329e+01
 1.38912823e+01 2.73564952e+01 4.72837867e-01 -7.40477398e+00 -1.48704788e+01 2.57448101e+01
 2.84020077e+01 -2.05484249e+00 -9.32712325e+00 -1.73169289e+01 1.56430267e+01 6.96908165e+00
 -1.58630340e+01 -1.78482175e+01 -2.49238306e+01 1.25573572e+01 7.17565614e+00 1.61971650e-02
 5.99290542e+00 -4.10228475e+01 1.95790603e+00 -6.78011978e+00 9.20162437e+00 4.62340214e+00
 -6.33628710e+00 -7.61678949e+00 2.77318403e+01 -8.92139602e+00 -1.41931012e+01 7.88246832e+00
 -1.22367255e+01 -2.12449687e+01 -2.59270048e+00 1.37776088e+01 -2.78639807e+00 -2.45071888e+01
 2.31499628e+01 -9.93687285e+00 -2.92558947e+00 3.88086233e+00 1.12667187e+01 1.11998192e+01
 9.67437083e+00 -9.42689854e+00 6.25820343e+00 3.65694017e+01 2.88654337e+00 1.82051686e+00
 1.53850350e+01 -2.88243395e+00 1.98376862e+01 -1.45110879e+01 5.92264164e+00 -2.55757052e+00
 -2.09648354e+01 3.76147238e+00 1.85073811e+01 -1.35546710e+01 -7.84260856e+00 -1.99799886e+01
 2.46031823e+01 1.69890405e+01 -1.91622335e+01 1.35534708e+00 -1.22027387e-02 1.66227368e-01
 9.98886112e+00 -6.89665978e+00 -2.05111005e+01 -2.89196132e+00 2.58467075e+00 -1.70490443e+01
 -9.17760933e+00 -2.37209261e+01 1.26087522e+01 -1.82653678e+01 2.17717972e+00 -1.30865104e+01
 -9.73325636e+00 -1.22681927e+01 6.80913709e+00 2.03469383e+01 -1.02912141e+01 4.85191264e+00
 -5.19405971e+00 6.78013590e+00 1.80099171e+01 1.43782234e+01 -1.24328209e-01 -1.00140628e+01
 -4.69805841e+00 6.71393347e+00 -1.91371131e+01 8.19813751e+00 2.33986930e+01 -1.03316046e+01
 1.02965114e+00 -4.63654206e+00 2.19822248e+01 1.15087729e+01 -3.09616861e+01 -2.06353989e+01
 -3.32824280e+01 3.14666327e+01 -1.14836699e+01 1.15143750e+01 -1.36833847e+00 9.44598605e+00
 -3.75430917e+01 -3.16316521e+00 -2.09497259e+00 -2.62711963e+00 4.04714006e+01 -3.30527290e+01
 -8.79595013e+00 -1.55173952e+01 -1.57915761e+01 7.97003454e+00 3.72542479e+01 4.07063036e+01
 -1.47261309e+01 -1.26883966e+01 2.42105009e+00 -1.02685695e+01 2.59032576e+01 1.48524666e+01
 2.29597589e+01 -1.66223954e+01 -3.64948776e+00 4.44268970e+00 -2.23896609e+01 1.36968303e+01
 -1.08740414e+01 4.18930892e+00 -2.42283549e+01 -3.63763568e+00 -1.51378968e+01 4.09515145e+01
 2.82393122e+01 -8.63224808e+00 -1.25439700e+01 2.88282453e+01 -9.87894477e-01 -4.98239761e+00
 -2.50777306e+01 -4.81677621e-01 -3.37082359e+00 5.55113597e+00 -9.89897733e+00 -8.07628392e+00
 2.33580811e+01 3.12034460e+00 -8.63347483e+00 6.30419907e-01 -1.82215617e+01 -2.21886118e+01
 4.49504750e+01 1.98266721e+01 2.37129225e+01 8.58074741e+00 7.80458003e+00 1.78796190e+00
 -8.13112376e+00 -2.12620216e+00 -7.12776152e+00 -2.50528525e+01 -1.67286912e+01 8.41402395e+00
 2.01964856e+00 1.92578572e+01 2.00963154e+01 5.99198987e+00 2.81097545e+01 5.96128119e+00
 2.42492523e+00 -6.33215684e+00 -2.65858257e+01 -2.38606757e+01 8.27049181e+00 3.05804887e+00
 1.53248169e-02 4.46111848e-01 -4.92759469e+00 1.90023172e+01 2.27345854e+01 1.55450838e+01
 -7.39591162e+00 4.02849951e+01 1.08413779e+01 2.57961044e+01 -8.81069145e+00 -1.34999568e+01
 5.81305664e+00 1.12384032e+01 6.93765484e+00 -9.43066771e+00 9.51417968e+00 2.29708947e+01
 -9.17611356e+00 -1.64993397e+01 -1.56928999e+00 -2.91110450e+00 4.17112939e+00 1.09227968e+01
 1.00375713e+01 -2.74993429e+01 -8.25331597e+00 -1.71500301e+00 -1.15063443e+01 -1.04669902e+01
 2.36636508e+01 -1.38337857e+01 1.47284089e+01 8.00341253e+00 -2.71880968e+00 -8.80708335e+00
 2.71009769e+01 2.42801325e+00 1.14599376e+01 -2.41577495e+01 -2.09900573e+01 4.52357891e+00
 1.68065353e+01 1.93315410e+01 1.11219486e+01 1.33391053e+01 -1.31522072e+01 9.14279911e-01
 -2.52603434e+01 6.04836929e+00 1.21994481e+01 2.19372400e+01 1.48794817e+01 6.93368419e+00
 -1.24639103e+00 -7.96856388e+00 1.64064238e+01 -2.36409457e+00 -2.59092550e+01 4.60937831e+01
 8.81686599e+00 2.48004312e+01 1.14474515e+01 -1.32610170e+01 -1.98693483e+01 -2.84792661e+01
 1.53175060e+01 -1.25335244e+01 2.41777946e+01 1.05132987e+01 2.22243698e+01 9.93190900e+00
 -1.87981919e+01 3.89390253e+01 -2.00631273e+01 -3.54051693e+01 7.58790045e+00 -5.99372720e-01
 -1.81387622e+01 9.58429879e+00 1.74375056e+01 -2.10570251e+01 8.16340142e+00 6.31215716e+00
 -6.15485876e+01 -8.71159172e+00 1.97501971e+01 -2.52365495e+01 3.56558072e+00 -1.64973217e+00
 -2.69862835e+01 2.91016925e-01 -1.25336894e+01 -1.05049848e+01 1.10613561e+01 4.84071822e+00
 -6.30579095e-01 -3.87056005e+00 -7.07794677e-01 -1.31305521e+01 -1.96547570e+01 -1.62436152e+01
 4.87021595e+00 -5.90743926e+00 3.46971058e+00 -4.00865595e+01 1.68740955e+01 1.03332584e+01
 -1.00985334e+00 1.62339777e+01 -4.75836148e-01 2.83847633e+01 1.75473354e+00 2.82608265e+01
