1 512
 5.81745819e+02
 3.72351565e+02
 5.52328622e+03
 2.99066023e+03
 5.53990229e+02
 3.69486419e+03
 3.31754632e+03
 1.09131944e+03
 2.05165196e+03
 2.19383701e+03
 8.49830075e+02
 1.76562270e+03
 2.88252463e+03
 1.77132495e+03
 1.78955230e+03
 1.53313261e+03
 4.99727133e+03
 1.26033354e+03
 2.74393275e+03
 2.87400660e+03
 3.25196060e+03
 6.06613566e+03
 1.41313164e+03
 1.18828755e+03
 1.67471625e+03
 2.69123081e+03
 3.65024526e+03
 1.80698870e+03
 3.79548875e+03
 2.57056741e+03
 2.89623414e+03
 1.74877888e+03
 8.68832558e+02
 1.78075291e+03
 2.24468704e+03
 6.46907549e+02
 5.40471910e+03
 2.28830392e+03
 2.31521023e+03
 1.28086360e+03
 7.80180945e+02
 2.60804858e+03
 4.27925788e+03
 1.42239527e+03
 3.20369863e+03
 8.63396800e+02
 4.51038561e+03
 2.76103898e+03
 4.60799608e+03
 2.26269805e+03
 2.58333361e+03
 1.16384555e+03
 5.36034925e+02
 5.24214706e+02
 1.91891500e+02
 3.72766988e+03
 2.59326023e+03
 2.65547118e+03
 1.85850261e+03
 2.93215013e+03
 1.94240714e+03
 2.43222875e+03
 1.43740835e+03
 9.81269210e+02
 2.96243879e+03
 2.61989990e+03
 2.89891142e+03
 5.97477787e+03
 9.10938576e+02
 2.39139720e+03
 5.53949270e+02
 2.80658819e+03
 1.50998056e+03
 1.40737589e+03
 1.38108586e+03
 2.79677647e+02
 4.39540522e+03
 2.49735272e+03
 2.22008813e+03
 5.64392904e+02
 5.18823456e+03
 1.53057236e+02
 2.12501321e+03
 2.49807774e+03
 3.93655901e+03
 3.65047805e+03
 2.33229586e+03
 1.86455149e+03
 4.29866528e+02
 4.13949113e+03
 4.77223939e+02
 2.53533242e+03
 3.33538810e+03
 2.17334122e+03
 3.52361581e+03
 6.02510474e+03
 5.19767236e+03
 8.72124464e+02
 1.55930089e+03
 5.03128536e+02
 2.43206760e+03
 2.07545769e+03
 2.57901519e+03
 3.11403344e+03
 4.64020861e+03
 6.50426071e+02
 1.75345359e+03
 1.64394723e+02
 2.74484662e+03
 3.10833908e+02
 4.62545670e+03
 1.59191649e+03
 1.40112210e+03
 2.09303531e+03
 1.47162300e+03
 3.11435688e+03
 3.22543658e+03
 8.30273819e+02
 2.81946149e+03
 1.49474909e+03
 1.50720548e+03
 1.02078410e+03
 1.20190111e+03
 2.59110931e+03
 2.73912815e+03
 4.24868761e+03
 4.25207761e+02
 5.99168754e+02
 3.08369519e+03
 2.45571282e+03
 7.34134754e+03
 4.64681303e+03
 2.36380795e+03
 3.29603489e+02
 2.68949980e+03
 1.73187765e+03
 3.95291796e+03
 2.16627387e+03
 7.61002328e+02
 4.48451710e+03
 2.87952150e+03
 1.81481325e+03
 3.35175029e+03
 8.92165252e+02
 1.15657767e+03
 4.54944850e+03
 1.74953490e+03
 5.16018141e+03
 1.01324551e+03
 3.74192380e+03
 7.68939225e+02
 1.12039898e+03
 5.98709237e+02
 4.38483404e+03
 2.91340687e+03
 2.47011500e+03
 1.87548488e+03
 6.28498605e+03
 4.12421583e+03
 3.50793657e+03
 1.35027685e+03
 1.12652726e+03
 1.75766280e+03
 2.15418260e+03
 2.24990934e+03
 2.16788765e+03
 1.32948180e+03
 3.29309163e+03
 1.73835932e+03
 5.02433844e+03
 5.77579085e+02
 3.38459612e+03
 2.25511632e+03
 5.37953012e+03
 1.71695899e+03
 1.97093431e+03
 3.96482830e+03
 4.02707190e+03
 1.11473807e+03
 2.97951795e+02
 4.86938356e+03
 2.55849433e+02
 1.48872066e+03
 2.28231132e+03
 2.09427279e+03
 8.34478063e+02
 3.88991055e+03
 3.66626330e+03
 2.60266806e+03
 2.93340234e+02
 1.19360442e+03
 2.01927284e+03
 1.19574821e+03
 1.52616367e+03
 5.69889086e+02
 3.70517879e+03
 9.61855105e+02
 1.81442779e+03
 1.63729585e+03
 5.64126155e+03
 1.24485126e+03
 3.57293410e+03
 3.06978761e+02
 3.20592969e+03
 3.65877998e+03
 5.84209448e+03
 2.49936092e+03
 1.97043653e+03
 2.73225942e+03
 9.91740248e+02
 2.14956706e+03
 2.98216494e+03
 3.30771730e+03
 2.68911755e+03
 1.41916210e+03
 5.10088011e+03
 1.38529533e+03
 1.87385539e+03
 9.81080070e+02
 4.01439121e+03
 2.87062076e+03
 7.63993492e+03
 1.55204611e+03
 7.65667578e+02
 2.45951348e+03
 2.69526683e+03
 4.60179048e+03
 3.58061975e+03
 1.91506566e+03
 3.21562328e+03
 9.85013096e+02
 3.05383572e+03
 3.11519598e+03
 5.09294585e+02
 1.28770039e+03
 1.19704954e+03
 4.87046635e+02
 3.01431116e+03
 3.90456540e+03
 1.74323199e+03
 1.36087943e+03
 1.47065921e+03
 3.70825193e+03
 4.27348018e+02
 4.83629644e+03
 2.03421916e+03
 1.72969702e+03
 3.33023452e+03
 2.82777578e+03
 1.13139668e+03
 3.45651242e+03
 1.42425933e+03
 1.86567110e+03
 2.83983694e+03
 2.52582681e+03
 2.89608749e+03
 3.69392309e+03
 4.45656061e+02
 2.70322835e+03
 2.60328003e+03
 5.13285553e+02
 1.35618941e+03
 1.37186704e+03
 3.93327476e+03
 3.57771747e+03
 3.94370249e+02
 7.06785960e+03
 8.18487143e+02
 2.06005108e+03
 1.82510895e+03
 3.98124991e+02
 4.48450183e+03
 3.50840349e+03
 4.69456451e+03
 3.26415836e+03
 5.65358969e+02
 7.09741089e+02
 4.76750104e+02
 3.57002986e+03
 5.19847711e+03
 5.58307607e+03
 2.88409074e+03
 5.20699617e+02
 4.77365653e+03
 7.12008381e+03
 6.79150042e+02
 9.65526042e+02
 3.66062845e+03
 1.84692906e+03
 2.83222034e+03
 3.35431547e+03
 1.00067951e+03
 3.57079774e+03
 2.15290836e+03
 2.09510252e+03
 1.61326794e+03
 4.78562087e+03
 1.98742025e+03
 5.71293685e+03
 3.42174625e+03
 4.78555805e+02
 5.11293024e+02
 4.52746055e+03
 3.46662959e+03
 4.06536575e+03
 4.62307861e+03
 9.36295012e+02
 3.49711555e+03
 5.60552497e+03
 5.32315196e+02
 3.76927855e+03
 3.91860132e+03
 2.03265262e+03
 4.57796765e+03
 1.86115803e+03
 7.56972255e+02
 2.90986147e+03
 2.65768750e+03
 8.76149045e+02
 2.47692342e+03
 1.87851833e+03
 5.15104012e+03
 5.83384579e+03
 3.99797071e+02
 1.00726964e+03
 4.50888968e+02
 2.20686614e+03
 1.06152670e+03
 5.17733990e+03
 1.17381181e+03
 3.39963116e+03
 7.86096043e+02
 3.50708702e+03
 8.17503082e+02
 1.04950715e+03
 3.85189821e+02
 7.60578103e+02
 4.98670918e+02
 1.82019314e+03
 2.76520297e+03
 2.38706062e+03
 3.89449977e+02
 2.23629273e+03
 1.43676946e+03
 5.96301693e+03
 2.08213891e+03
 2.17120155e+03
 3.98567083e+03
 4.26843926e+02
 2.63726238e+02
 3.00204005e+02
 3.05383011e+03
 3.41688336e+03
 4.80150074e+03
 5.23529481e+02
 2.81135692e+03
 4.93396744e+02
 3.91681407e+02
 3.75964275e+03
 1.71798786e+03
 9.89757695e+02
 1.94220053e+03
 2.41649972e+03
 2.09187253e+03
 1.06692274e+03
 5.61976088e+03
 8.23036676e+02
 4.48878447e+02
 8.90217678e+02
 4.91264734e+03
 3.74400161e+03
 2.09346680e+03
 2.63707282e+03
 6.92855133e+02
 1.38386943e+03
 5.00347176e+03
 4.98774500e+02
 1.28511910e+03
 3.62020495e+03
 2.95515126e+03
 2.24947715e+03
 1.65518587e+03
 3.38336385e+03
 1.05744826e+03
 2.98571176e+03
 1.78433689e+03
 3.51692135e+03
 2.09970408e+03
 1.59963858e+03
 1.72298620e+03
 1.68203198e+03
 3.47346687e+03
 1.57775106e+03
 4.51891376e+03
 2.29795692e+03
 1.55384013e+03
 2.65557689e+03
 8.37879868e+02
 2.46150158e+03
 5.96528216e+02
 2.37936983e+03
 1.99276695e+03
 5.05837182e+02
 1.84549365e+03
 8.79275391e+02
 2.36466428e+03
 1.63791991e+03
 6.67805310e+03
 4.90586167e+03
 3.26531720e+03
 4.63834950e+03
 8.25948399e+02
 1.49703350e+03
 1.33083488e+02
 2.36909821e+03
 3.70644990e+03
 3.94753734e+03
 3.55026829e+03
 3.14492961e+03
 2.73136085e+03
 9.44670101e+02
 4.40793871e+03
 2.49410818e+03
 1.63212415e+03
 7.13710127e+02
 4.13982004e+03
 1.87039788e+03
 1.04428398e+03
 3.30816659e+03
 5.40405756e+03
 5.75949626e+02
 5.10540842e+03
 1.28882552e+03
 6.60450917e+02
 1.71838030e+03
 1.39755711e+03
 3.86769241e+03
 4.79068201e+03
 1.12077209e+03
 1.37736452e+03
 4.37879689e+03
 7.47880505e+02
 5.70267372e+03
 9.90665754e+02
 9.66412786e+02
 1.41561010e+03
 3.82988409e+03
 4.68982010e+03
 8.61567824e+02
 2.01008549e+03
 1.49796670e+03
 8.83034605e+02
 3.78678692e+03
 3.79094104e+03
 1.04372079e+03
 3.84103385e+02
 4.60684239e+02
 3.90050789e+03
 4.60669807e+03
 9.39700540e+02
 3.39518281e+03
 1.04318659e+03
 4.31202739e+03
 1.04739225e+03
 7.40768617e+02
 2.63208867e+03
 3.88204688e+02
 7.44963558e+02
 1.54262275e+03
 2.78481419e+03
 2.00281956e+03
 4.17516479e+03
 2.55212603e+03
 1.47246019e+03
 2.85379352e+02
 2.39272123e+03
 6.04299741e+03
 5.47647316e+02
 3.50612421e+03
 7.37490029e+02
 3.43006018e+03
 6.85161319e+02
 2.44185810e+03
 2.55384261e+03
 1.21359516e+03
 3.12779789e+03
 1.68742094e+03
 5.37393386e+03
 4.36783431e+03
 1.35860132e+03
 1.66904951e+03
 5.90450956e+03
 1.50642409e+03
 2.25834957e+03
 2.16811266e+02
 3.46361545e+03
 1.47482137e+03
 7.03311584e+02
 8.52128600e+02
 5.66526495e+02
 3.04738174e+02
 2.15080814e+03
 3.02376340e+03
 5.14906796e+02
 3.58591381e+03
 3.85051774e+03
 6.26052693e+03
 3.77012956e+02
 1.48115280e+03
 3.79665755e+03
 2.20940142e+03
 2.03234427e+03
