1 512
 8.91901876e+01
 1.10294207e+02
 1.35279772e+02
 1.08642232e+02
 7.71366424e+01
 1.66308030e+02
 6.46813075e+01
 7.06898271e+01
 7.74299053e+01
 1.32143842e+02
 9.56186836e+01
 5.26696104e+01
 1.78410707e+02
 7.99810958e+01
 1.07117082e+02
 5.81446498e+01
 1.52640573e+02
 1.43116787e+02
 4.36741041e+02
 5.67371586e+01
 1.45831875e+02
 6.80538001e+01
 1.19654117e+02
 1.04781861e+02
 1.33056103e+02
 1.50745108e+02
 6.19064178e+01
 1.68431104e+02
 6.28029790e+01
 3.18956680e+02
 7.59095330e+01
 1.13014347e+02
 1.10245655e+02
 2.58145220e+02
 2.58492703e+02
 5.43915055e+01
 8.97178582e+01
 1.10414371e+02
 6.00186879e+01
 1.07832863e+02
 1.59385765e+02
 1.05500615e+02
 7.67811980e+01
 1.00663237e+02
 2.90213501e+01
 2.40289717e+02
 7.16074178e+01
 1.01273907e+02
 7.94270183e+01
 9.47814975e+01
 7.73901726e+01
 1.61988965e+02
 1.41734535e+02
 2.36650151e+02
 4.70663373e+02
 1.42708099e+02
 1.46048509e+02
 1.00708954e+02
 1.60109650e+02
 9.85585954e+01
 2.20839177e+02
 1.03015696e+02
 3.15572731e+02
 3.11694973e+02
 1.47758862e+02
 6.71816867e+01
 1.37155938e+02
 5.82070213e+01
 6.71233039e+01
 8.09879196e+01
 3.92863777e+02
 4.15690042e+02
 5.28481115e+01
 3.70638478e+02
 1.39528843e+02
 6.69929025e+01
 1.07461816e+02
 1.00531393e+02
 9.91539218e+01
 8.87226960e+01
 1.12349203e+02
 1.13653419e+02
 9.57085519e+01
 2.42395117e+02
 1.26045026e+02
 1.40481326e+02
 2.12819645e+02
 2.08826595e+02
 1.99346379e+02
 1.11113287e+02
 5.54276486e+01
 1.03964322e+02
 1.10728382e+02
 1.68938468e+02
 9.79445294e+01
 1.19548881e+02
 1.21531877e+02
 1.26422947e+02
 8.51373418e+01
 8.55828978e+01
 1.76937518e+02
 1.42781853e+02
 6.67486004e+01
 8.98061029e+01
 1.17184404e+02
 1.33097415e+02
 1.46210228e+02
 1.00050753e+02
 6.97687687e+01
 8.10109971e+01
 2.15956048e+02
 4.62193133e+02
 9.87518032e+01
 9.80797102e+01
 1.19772513e+02
 1.09337392e+02
 9.37362860e+01
 1.00647323e+02
 8.84658575e+01
 1.01232469e+02
 6.90799975e+01
 8.62560441e+01
 1.03861875e+02
 3.38083602e+01
 2.36409528e+02
 7.54032705e+01
 5.63940499e+02
 8.50178779e+01
 2.36149494e+02
 1.34766861e+02
 1.20324876e+02
 9.50587976e+01
 7.10503939e+01
 1.19011530e+02
 1.18441746e+02
 1.67860653e+02
 1.48406850e+02
 6.01370374e+01
 8.25761283e+01
 1.33689584e+02
 1.08036133e+02
 2.58865402e+02
 9.53704011e+01
 1.23509934e+02
 1.20346350e+02
 1.11872588e+02
 1.30904384e+02
 1.07281231e+02
 1.27075769e+02
 1.38444004e+02
 1.08060094e+02
 6.99490393e+01
 1.11020518e+02
 6.40461273e+01
 4.02770055e+01
 1.42139724e+02
 1.93131953e+02
 6.39003954e+01
 6.79357666e+01
 1.25566645e+02
 1.95136507e+02
 2.81148132e+02
 1.75277232e+02
 1.05700369e+02
 1.55088572e+02
 1.08583054e+02
 1.11342843e+02
 1.45628593e+02
 1.03424664e+02
 9.72851144e+01
 1.53284499e+02
 7.99361809e+01
 1.42461697e+02
 1.41095870e+02
 4.68185622e+02
 1.80105490e+02
 2.07521864e+02
 7.68184254e+01
 1.29032169e+02
 1.19768818e+02
 1.37225456e+02
 1.84509065e+02
 1.49027607e+02
 1.67069628e+02
 1.13175354e+02
 3.29605424e+02
 8.60442683e+01
 8.31589734e+01
 1.01174302e+02
 1.30774518e+02
 1.37050492e+02
 1.35592332e+02
 1.20889877e+02
 9.42173750e+01
 1.05552335e+02
 6.54078875e+01
 1.19717712e+02
 7.54332131e+01
 1.81087451e+02
 1.10988801e+02
 1.45371801e+02
 3.19800386e+02
 1.75514253e+02
 1.42182974e+02
 9.04487036e+01
 1.77209261e+02
 1.08186663e+02
 6.14196934e+01
 9.87272540e+01
 1.36632435e+02
 1.72807772e+02
 1.05112296e+02
 1.31326202e+02
 1.00734365e+02
 1.08555287e+02
 1.18012185e+02
 8.79526523e+01
 1.42902295e+02
 5.21556754e+01
 6.42462893e+01
 8.37691981e+01
 4.13582300e+01
 1.46702897e+02
 9.47356853e+01
 9.71355710e+01
 9.65398823e+01
 1.47581578e+02
 2.31903978e+02
 1.06137649e+02
 1.14517135e+02
 4.15415189e+02
 2.27367855e+02
 1.36472177e+02
 1.21221341e+02
 7.19027300e+01
 1.04970240e+02
 1.03978670e+02
 1.28094020e+02
 1.10032552e+02
 8.35741562e+01
 1.24071208e+02
 1.14668865e+02
 7.69764576e+01
 8.26629262e+01
 1.20570379e+02
 1.33008788e+02
 1.51565644e+02
 1.38597095e+02
 9.73744653e+01
 9.97196980e+01
 3.64848240e+02
 1.18736309e+02
 1.13183558e+02
 1.05370745e+02
 1.67012888e+02
 8.64253293e+01
 2.54895361e+02
 2.14280890e+02
 9.28697832e+01
 5.43132489e+01
 9.75677365e+01
 1.46794782e+02
 1.47457534e+02
 1.14449436e+02
 2.87536061e+02
 2.87274649e+02
 1.18851381e+02
 1.60885068e+02
 1.68774612e+02
 1.13731995e+02
 1.41598124e+02
 1.55500549e+02
 1.31074912e+02
 1.02539405e+02
 2.38940153e+02
 1.23234796e+02
 9.35596195e+01
 1.23008021e+02
 6.86810359e+01
 1.19474643e+02
 4.08984013e+02
 1.25672320e+02
 1.17882697e+02
 2.02779841e+02
 1.02144441e+02
 9.47637444e+01
 9.90468879e+01
 4.51811749e+02
 2.62564413e+02
 7.56695653e+01
 1.10534014e+02
 8.87541582e+01
 1.15683415e+02
 2.25723859e+02
 2.08138122e+02
 1.96911773e+02
 6.88611359e+01
 7.51125977e+01
 1.83346019e+02
 1.31023841e+02
 2.84884655e+02
 9.66298168e+01
 8.52184763e+01
 4.80207651e+02
 1.51676718e+02
 1.02257257e+02
 1.02200725e+02
 1.53255567e+02
 3.94460947e+02
 9.17246135e+01
 9.42499623e+01
 4.06155930e+01
 1.47986476e+02
 8.30312528e+01
 6.32895800e+01
 1.32475771e+02
 1.37058359e+02
 8.58259272e+01
 8.47110457e+01
 7.78752292e+01
 1.02461265e+02
 4.94000934e+01
 1.08673819e+02
 1.06048097e+02
 1.02944426e+02
 8.11800487e+01
 1.09561389e+02
 9.43538235e+01
 9.62759103e+01
 1.09625845e+02
 3.28615939e+02
 5.82302036e+01
 7.67258076e+01
 8.65085769e+01
 5.69590621e+01
 1.63762416e+02
 1.52776932e+02
 1.21792637e+02
 1.04601047e+02
 1.18159038e+02
 5.31642789e+01
 1.11472936e+02
 1.06373663e+02
 2.63335900e+02
 9.81588576e+01
 1.46187999e+02
 8.32432173e+01
 1.07367489e+02
 6.77552413e+01
 1.00032954e+02
 2.00062248e+02
 1.01657968e+02
 1.09619557e+02
 1.00914772e+02
 1.36449559e+02
 1.31980909e+02
 6.09603620e+01
 7.61440650e+01
 1.11199444e+02
 1.01348232e+02
 6.36511425e+01
 3.28998727e+01
 2.76381541e+02
 1.41979806e+02
 3.81639862e+01
 5.61049392e+01
 1.14317535e+02
 5.99171602e+01
 2.11170903e+02
 1.01261076e+02
 1.53473433e+02
 4.22926010e+01
 1.31106272e+02
 1.40534432e+02
 2.50510940e+02
 1.64734597e+02
 9.21884367e+01
 1.19348995e+02
 1.89875821e+02
 1.27671267e+02
 6.30129826e+01
 1.41578184e+02
 9.14853032e+01
 7.96631332e+01
 1.12825639e+02
 1.87495668e+02
 1.36115444e+02
 1.08361662e+02
 1.02513702e+02
 1.13694643e+02
 1.60025587e+02
 1.12743504e+02
 9.43564003e+01
 9.48185751e+01
 1.25037618e+02
 7.08413449e+01
 6.78355313e+01
 7.15819029e+01
 1.30352007e+02
 6.86768859e+01
 3.39889223e+01
 9.23482962e+01
 9.24733882e+01
 2.33905285e+02
 1.03508474e+02
 6.53158843e+01
 1.16548827e+02
 1.34372499e+02
 1.74595443e+02
 4.39296815e+01
 1.49412133e+02
 1.83067895e+02
 6.55468920e+01
 1.42560873e+02
 7.78406317e+01
 9.90253944e+01
 1.71808029e+02
 2.69605175e+02
 1.10700091e+02
 8.70335482e+01
 1.31931585e+02
 8.77290423e+01
 1.63751435e+02
 3.52305436e+02
 1.47980461e+02
 8.66489905e+01
 1.36072673e+02
 9.05708149e+01
 1.10073955e+02
 7.32802251e+02
 1.54366303e+02
 7.42224445e+00
 9.48119861e+01
 4.21000885e+01
 1.52179707e+02
 1.00922530e+02
 1.44310534e+02
 5.28634766e+01
 2.54294671e+02
 1.10085031e+02
 6.63560504e+01
 3.73472572e+02
 3.27207856e+02
 8.87002188e+01
 1.40727136e+02
 7.99722644e+01
 1.28339514e+02
 1.39706869e+02
 1.22694114e+02
 9.11928598e+01
 1.86607573e+02
 4.26470329e+02
 7.65589760e+01
 1.10960112e+02
 1.31629119e+02
 7.79927943e+01
 4.75094898e+01
 1.06985462e+02
 9.76111117e+01
 1.00796169e+02
 1.14946042e+02
 2.54486935e+02
 1.11487420e+02
 1.13299873e+02
 1.47648427e+02
 1.45198201e+02
 1.34213910e+02
 4.50880145e+02
 1.29891808e+02
 1.34999172e+02
 5.40847832e+01
 2.58313470e+02
 9.48613726e+01
 7.88678592e+01
 9.10705548e+01
 1.51706938e+02
 1.61342692e+02
 1.37342266e+02
 1.61354455e+02
 2.24874189e+02
 7.18082964e+01
 9.28402001e+01
 1.29768314e+02
 1.12148640e+02
 1.25290061e+02
 1.95927870e+02
 1.28097922e+02
 1.10854131e+02
 5.65809603e+01
 7.58926271e+01
 8.35631256e+01
 9.08070488e+01
 1.02408618e+02
 6.78256942e+01
 9.87254492e+01
 3.84937361e+01
 1.08768971e+02
 2.86797028e+02
 9.89765427e+01
 1.62454636e+02
 6.47769149e+01
 8.14206722e+01
 7.61556130e+01
 1.49303894e+02
 7.03659203e+01
 1.45766444e+02
 1.29217847e+02
 1.46311013e+02
 3.80548410e+02
 9.46387953e+01
 1.61347580e+02
 2.47278668e+02
